"C" "D" "M" "T"
"1" 0.221938540288119 0.206459306734196 0.397913945805672 0.173688207172013
"2" 0.239174860885236 0.179361995458217 0.39389100976237 0.187572133894177
"3" 0.209203611987879 0.229980009607418 0.400576765613556 0.160239612791148
"4" 0.255316143901924 0.157704187746241 0.389493505979686 0.197486162372149
"5" 0.201789085270245 0.245624312150491 0.402180439375364 0.150406163203901
"6" 0.20732562476909 0.233779391068252 0.400969190291403 0.157925793871256
"7" 0.192812660605937 0.301223968615214 0.423211482163039 0.0827518886158099
"8" 0.190541860784895 0.301988044603114 0.420692031999391 0.0867780626126004
"9" 0.222241713820714 0.20594027987977 0.397848420441923 0.173969585857593
"10" 0.187026047728287 0.300683556158085 0.41544875901936 0.0968416370942684
"11" 0.205311511948171 0.237969840323657 0.401397513284363 0.155321134443808
"12" 0.186485389250002 0.290624788676399 0.409423874359585 0.113465947714014
"13" 0.192422319370203 0.301396768651574 0.422801965088679 0.0833789468895441
"14" 0.192422319370203 0.301396768651574 0.422801965088679 0.0833789468895441
"15" 0.186360712695261 0.299065268516481 0.413735067692153 0.100838951096106
"16" 0.186332692857367 0.298951137132435 0.413638743946601 0.101077426063598
"17" 0.186485105867606 0.299500831867638 0.414125307013425 0.099888755251331
"18" 0.192117585328857 0.269813889481436 0.405017042011698 0.133051483178009
"19" 0.192117585328857 0.269813889481436 0.405017042011698 0.133051483178009
"20" 0.19916205861799 0.25165132139645 0.402812907681147 0.146373712304413
"21" 0.201205444872649 0.246937612847293 0.402316404027198 0.149540538252861
"22" 0.190649529369729 0.301967378165371 0.420820195224815 0.0865628972400849
"23" 0.222546253525002 0.205420617180042 0.397782443217071 0.174250686077885
"24" 0.228594122926508 0.195437845701446 0.396436294818862 0.179531736553183
"25" 0.230269064163649 0.192780733615087 0.396050283857185 0.18089991836408
"26" 0.18877786536215 0.280421288700126 0.406801933665256 0.123998912272469
"27" 0.189466948672009 0.278024665432482 0.406342662799177 0.126165723096332
"28" 0.186924307633018 0.288122169506533 0.408643424784176 0.116310098076273
"29" 0.186924307633018 0.288122169506533 0.408643424784176 0.116310098076273
"30" 0.218981614147793 0.211612703228346 0.398545459925034 0.170860222698826
"31" 0.221636731415671 0.206977689071376 0.397979024368285 0.173406555144668
"32" 0.214263857136569 0.220201361553815 0.399530786543171 0.166003994766445
"33" 0.212949502214031 0.222681272451565 0.399802388294116 0.164566837040288
"34" 0.225031936198809 0.201241470324173 0.397237751203977 0.176488842273041
"35" 0.186280341448404 0.298716599486846 0.413447573153444 0.101555485911306
"36" 0.186121533687818 0.293654151737148 0.410569230115871 0.109655084459163
"37" 0.186878398439594 0.288359371730324 0.408712386937267 0.116049842892815
"38" 0.186029887760964 0.295423435219948 0.41138780044384 0.107158876575247
"39" 0.25618594642184 0.15662367281562 0.389238751954149 0.19795162880839
"40" 0.261988429222965 0.149621682770448 0.387493882710656 0.200896005295932
"41" 0.284639086448483 0.125376554787173 0.379969244057537 0.210015114706808
"42" 0.200444858422262 0.248670405438989 0.402497174634321 0.148387561504429
"43" 0.186333981761681 0.291684142139276 0.409794978686739 0.112186897412304
"44" 0.186093526758647 0.294024157646769 0.410729340572365 0.109152975022219
"45" 0.204449654680356 0.239802398126656 0.401584276659646 0.154163670533342
"46" 0.18610545960891 0.297558053635836 0.412611463032289 0.103725023722965
"47" 0.186092144477367 0.297418952412073 0.412520979590144 0.103967923520415
"48" 0.187404444062587 0.301171947282317 0.416196702137044 0.0952269065180519
"49" 0.189936733886302 0.276468929402843 0.406064964245599 0.127529372465256
"50" 0.186137349254607 0.293466136153592 0.410489840868465 0.109906673723336
"51" 0.186485389250002 0.290624788676399 0.409423874359585 0.113465947714014
"52" 0.186080049959045 0.29727778456505 0.412430975247568 0.104211190228337
"53" 0.186332692857367 0.298951137132435 0.413638743946601 0.101077426063598
"54" 0.363176330771617 0.0687335989244059 0.347241258604171 0.220848811699805
"55" 0.186554374637585 0.290187292954039 0.409278341202254 0.113979991206122
"56" 0.188311533705837 0.28214282687811 0.407159286858803 0.12238635255725
"57" 0.23880144263508 0.179901960869017 0.393985290974665 0.187311305521238
"58" 0.246949298434565 0.168534905929204 0.39185161005824 0.192664185577991
"59" 0.186452158785901 0.299395089221187 0.41402700372288 0.100125748270032
"60" 0.186154372335611 0.293276115972784 0.410410893163762 0.110158618527843
"61" 0.225986794351477 0.199664855495451 0.397025423802712 0.177322926350359
"62" 0.193658826710146 0.265500848136218 0.404428316278299 0.136412008875337
"63" 0.193658826710146 0.265500848136218 0.404428316278299 0.136412008875337
"64" 0.246949298434565 0.168534905929204 0.39185161005824 0.192664185577991
"65" 0.191759609565527 0.270855304522325 0.40516845688779 0.132216629024358
"66" 0.204026377324074 0.240711564675087 0.401676968577704 0.153585089423135
"67" 0.207787359932757 0.23283595562577 0.400872221584934 0.158504462856538
"68" 0.200072090612566 0.249528847276284 0.402587419635018 0.147811642476132
"69" 0.19299535074113 0.267326294599329 0.404670542121169 0.135007812538371
"70" 0.192866309013599 0.267686557020023 0.404719492235444 0.134727641730934
"71" 0.217553861114866 0.214162546676158 0.398846041640861 0.169437550568115
"72" 0.192117585328857 0.269813889481436 0.405017042011698 0.133051483178009
"73" 0.395015543450356 0.0539758810601771 0.332056065000983 0.218952510488484
"74" 0.394203961348644 0.05430954242127 0.332452263599676 0.21903423263041
"75" 0.319990971736007 0.0955072945041314 0.366294942946398 0.218206790813463
"76" 0.31685784272904 0.0978255100895427 0.367587442127781 0.217729205053636
"77" 0.190436644639445 0.274869382828329 0.40579397343378 0.128899999098446
"78" 0.187568859924185 0.285126668766275 0.407845445218837 0.119459026090703
"79" 0.194495266196048 0.263257946910112 0.404142695517599 0.138104091376241
"80" 0.196618570123295 0.257809021085768 0.403493093116675 0.142079315674262
"81" 0.223778104447309 0.203335781855081 0.397513914500749 0.17537219919686
"82" 0.197435407758927 0.255792209121243 0.403265207507195 0.143507175612635
"83" 0.223468084851019 0.203857900938371 0.397581749772934 0.175092264437676
"84" 0.325738539852569 0.0914013311952818 0.363888274120927 0.218971854831223
"85" 0.318732593647847 0.096431453616325 0.366815742904521 0.218020209831307
"86" 0.29837757004084 0.112745334026311 0.374906075094451 0.213971020838398
"87" 0.329647696963974 0.0887131965613031 0.362226127533499 0.219412978941223
"88" 0.224402266567213 0.202289775604441 0.397376807411317 0.175931150417029
"89" 0.228594122926508 0.195437845701446 0.396436294818862 0.179531736553183
"90" 0.197104963768707 0.256603299927085 0.403356172060639 0.142935564243568
"91" 0.26662902836816 0.14426901968561 0.386042684140941 0.20305926780529
"92" 0.259726071805026 0.152309793990904 0.388183522355207 0.199780611848863
"93" 0.186026094690782 0.295752959740581 0.411556987359892 0.106663958208745
"94" 0.193658826710146 0.265500848136218 0.404428316278299 0.136412008875337
"95" 0.210419544084561 0.227571595506838 0.400324760927896 0.161684099480705
"96" 0.212949502214031 0.222681272451565 0.399802388294116 0.164566837040288
"97" 0.235146458493434 0.185289194799986 0.394890582199177 0.184673764507403
"98" 0.192239336424579 0.269463437140918 0.404966973673675 0.133330252760829
"99" 0.222241713820714 0.20594027987977 0.397848420441923 0.173969585857593
"100" 0.25445240483257 0.158785380356943 0.389744708423097 0.197017506387391
"101" 0.21066664260793 0.227086901644233 0.400273669681133 0.161972786066704
"102" 0.188859792481507 0.280128002866337 0.406743474573057 0.1242687300791
"103" 0.189112786326076 0.279237323759709 0.406569922357396 0.125079967556818
"104" 0.189112786326076 0.279237323759709 0.406569922357396 0.125079967556818
"105" 0.25618594642184 0.15662367281562 0.389238751954149 0.19795162880839
"106" 0.235146458493434 0.185289194799986 0.394890582199177 0.184673764507403
"107" 0.235146458493434 0.185289194799986 0.394890582199177 0.184673764507403
"108" 0.230608261958234 0.192248030108279 0.395971367675809 0.181172340257679
"109" 0.187180717083589 0.300905642203031 0.415766262580765 0.0961473781326157
"110" 0.196372947119522 0.299137610141803 0.426639130270064 0.0778503124686114
"111" 0.1962088808642 0.299249497383137 0.426491108925128 0.0780505128275357
"112" 0.186333981761681 0.291684142139276 0.409794978686739 0.112186897412304
"113" 0.186026018545904 0.295914663319056 0.411642275456193 0.106417042678847
"114" 0.198816098937096 0.297344105075228 0.428756136055578 0.0750836599320974
"115" 0.198816098937096 0.297344105075228 0.428756136055578 0.0750836599320974
"116" 0.18963140475193 0.302076466683886 0.419561131037772 0.0887309975264118
"117" 0.196705232437784 0.298907338468001 0.426936478197645 0.0774509508965703
"118" 0.193629504036727 0.300819673851278 0.424043403978026 0.0815074181339685
"119" 0.186280341448404 0.298716599486846 0.413447573153444 0.101555485911306
"120" 0.188909990094293 0.302007867120452 0.418590237060674 0.0904919057245804
"121" 0.186069175373809 0.297134552393439 0.412341448719526 0.104454823513227
"122" 0.186519286934394 0.299604472560968 0.41422410738713 0.0996521331175077
"123" 0.186837268650591 0.300357709818261 0.415032499081308 0.0977725224498401
"124" 0.348716431265243 0.0767177264734123 0.353851582363198 0.220714259898147
"125" 0.345211045870968 0.0787913229518152 0.355422128836441 0.220575502340776
"126" 0.186591354608989 0.299805440676893 0.414423202665008 0.0991800020491109
"127" 0.186554702879728 0.299706009442269 0.414323405670771 0.0994158820072317
"128" 0.293869443736799 0.116734914404235 0.376605494640556 0.21279014721841
"129" 0.186135754491099 0.297830047141938 0.412793872230945 0.103240326136019
"130" 0.572896764091515 0.0133675773115888 0.239396816529132 0.174338842067764
"131" 0.235865975808581 0.184213771752633 0.394714863834097 0.18520538860469
"132" 0.376019950159892 0.0623478942637795 0.341210046301261 0.220422109275068
"133" 0.33969329390858 0.0821719057644594 0.357866921761736 0.220267878565224
"134" 0.355858600984623 0.0726629345161032 0.350612079190305 0.220866385308969
"135" 0.286768477180514 0.123324468552902 0.379207525149097 0.210699529117487
"136" 0.389371076321077 0.0563392807645026 0.334802616747942 0.219487026166478
"137" 0.297808254842161 0.113241142060231 0.375122657761059 0.213827945336549
"138" 0.219854451975684 0.210073964436647 0.3983603962013 0.171711187386369
"139" 0.308910838508447 0.103971520060044 0.370800833368426 0.216316808063083
"140" 0.313767350161612 0.100169437445392 0.36884838648356 0.217214825909436
"141" 0.218120924560117 0.213144868413956 0.398726957361593 0.170007249664335
"142" 0.332952853463024 0.0865039640238481 0.360805510690807 0.219737671822321
"143" 0.33969329390858 0.0821719057644594 0.357866921761736 0.220267878565224
"144" 0.221938540288119 0.206459306734196 0.397913945805672 0.173688207172013
"145" 0.221938540288119 0.206459306734196 0.397913945805672 0.173688207172013
"146" 0.389371076321077 0.0563392807645026 0.334802616747942 0.219487026166478
"147" 0.389371076321077 0.0563392807645026 0.334802616747942 0.219487026166478
"148" 0.428010845275343 0.0419929514536974 0.315628949562515 0.214367253708445
"149" 0.225348840200659 0.200716477500377 0.397167479537653 0.176767202761311
"150" 0.414159754991191 0.0466667323263801 0.322595382184177 0.216578130498252
"151" 0.39664392820181 0.0533125277748549 0.331259847346503 0.218783696676832
"152" 0.419303185084971 0.044874774402822 0.320019342919034 0.215802697593173
"153" 0.443195586775821 0.0373912371740251 0.307893810497234 0.211519365552919
"154" 0.38460108545679 0.0584165603946755 0.337106743316694 0.219875610831841
"155" 0.385391709054862 0.0580670506538725 0.336725944352805 0.219815295938461
"156" 0.386978208255259 0.0573719849980026 0.335960476164464 0.219689330582274
"157" 0.267575808914044 0.143202834566857 0.385740659880883 0.203480696638216
"158" 0.343128797062254 0.0800500460386587 0.356348735386593 0.220472421512494
"159" 0.258387072440499 0.153925811606103 0.388586099182443 0.199101016770955
"160" 0.307117538011571 0.105413242834384 0.371512529364394 0.215956689789652
"161" 0.189199522466082 0.278936838116812 0.406512669746619 0.125350969670487
"162" 0.189287461409045 0.278634563536152 0.406455711037638 0.125622264017166
"163" 0.186137349254607 0.293466136153592 0.410489840868465 0.109906673723336
"164" 0.186137349254607 0.293466136153592 0.410489840868465 0.109906673723336
"165" 0.186033603595318 0.295255619445152 0.411303898491263 0.107406878468267
"166" 0.186119996045586 0.297695085962281 0.412702426834154 0.103482491157979
"167" 0.186389963063428 0.299177305625975 0.413831884953995 0.100600846356602
"168" 0.186706773253407 0.28928886623594 0.408992164741687 0.115012195768966
"169" 0.186666870648686 0.289516394004001 0.409063103234708 0.114753632112606
"170" 0.186038531587931 0.295085771480558 0.411220455413678 0.107655241517833
"171" 0.186137349254607 0.293466136153592 0.410489840868465 0.109906673723336
"172" 0.188024664930329 0.283253851575426 0.40740402257197 0.121317460922274
"173" 0.191997047488044 0.27016268829652 0.405067309578149 0.132772954637287
"174" 0.186190369094739 0.298222481673817 0.413071109967287 0.102516039264157
"175" 0.201398732809016 0.246501139902189 0.402271126809552 0.149829000479242
"176" 0.201789085270245 0.245624312150491 0.402180439375364 0.150406163203901
"177" 0.190133080883597 0.275834335262547 0.40595578595429 0.128076797899567
"178" 0.190233062694465 0.275514421209781 0.405901591110098 0.128350924985656
"179" 0.201398732809016 0.246501139902189 0.402271126809552 0.149829000479242
"180" 0.187234771533844 0.300975415307327 0.415873110797121 0.0959167023617088
"181" 0.193523693899893 0.265869137070643 0.404476437450528 0.136130731578936
"182" 0.621488949048625 0.00880474978132023 0.213183214783753 0.156523086386302
"183" 0.671437941952888 0.00555016107642195 0.186102581015441 0.136909315955249
"184" 0.604118826326357 0.0102526272188438 0.222571348320391 0.163057198134409
"185" 0.947183905045229 4.1646071069548e-05 0.0330438105416739 0.0197306383420273
"186" 0.925279200747247 9.81619846486244e-05 0.0457468918294527 0.0288757454386519
"187" 0.649768703432291 0.0068130317691025 0.197864940194202 0.145553324604405
"188" 0.689706323935671 0.00463766786531406 0.176170649689054 0.129485358509961
"189" 0.404057567360375 0.0503929455819109 0.327614157141438 0.217935329916276
"190" 0.487549484084787 0.0265466309631812 0.284851644718937 0.201052240233095
"191" 0.893296004971018 0.000241439262784516 0.0639518644778378 0.0425106912883594
"192" 0.854917163460089 0.000537073499316462 0.085460881431748 0.059084881608846
"193" 0.358035470695212 0.0714708475848377 0.349614620763179 0.220879060956771
"194" 0.330305267068155 0.0882690840314937 0.361944590983142 0.219481057917208
"195" 0.899317241794698 0.000208136466369231 0.060548122779795 0.0399264989591382
"196" 0.935107489141805 6.91477890156323e-05 0.0400771780342313 0.0247461850349484
"197" 0.896938781596933 0.000220912600027362 0.0618937709750859 0.0409465348279537
"198" 0.875780345547831 0.000357395343293185 0.0738043316907866 0.050057927418089
"199" 0.537046063249728 0.0179351918139882 0.258611651325993 0.186407093610291
"200" 0.970514582962527 1.01229972332501e-05 0.0191551789827252 0.0103201150575145
"201" 0.54853242121673 0.0163407286488556 0.252470198599758 0.182656651534656
"202" 0.511422977083519 0.0220078358705831 0.272247683014393 0.194321504031505
"203" 0.516489624515428 0.0211415204275841 0.269559241742775 0.192809613314213
"204" 0.922892236188787 0.0001061805647874 0.0471176131226818 0.0298839701237437
"205" 0.91692506273941 0.000127984185338767 0.0505346778124991 0.0324122752627523
"206" 0.467317376815913 0.0310602974966988 0.295433346368956 0.206188979318433
"207" 0.831972827494066 0.000795356547003753 0.0982023489755549 0.0690294669833754
"208" 0.831145613318434 0.0008059871448614 0.0986604304988822 0.069387969037822
"209" 0.859406744289492 0.000494261093455459 0.0829587835226177 0.0571402110944345
"210" 0.890817251210011 0.000256085578831245 0.0653504069496003 0.0435762562615576
"211" 0.881823723473969 0.000314030064166463 0.0704125746940252 0.0474496717678393
"212" 0.804368548803865 0.00120585820651785 0.113447973416963 0.0809776195726537
"213" 0.788801946664603 0.00149322966381823 0.122013094955739 0.0876917287158397
"214" 0.910073308127277 0.00015626175118313 0.0544427471378991 0.0353276829836411
"215" 0.929881199550839 8.37922646369394e-05 0.0430974963572701 0.0269375118272535
"216" 0.936364665900304 6.58813878578035e-05 0.039348683309209 0.0242207694026295
"217" 0.889562764674406 0.000263711661269169 0.0660576355911778 0.0441158880731471
"218" 0.831972827494066 0.000795356547003753 0.0982023489755549 0.0690294669833754
"219" 0.831972827494066 0.000795356547003753 0.0982023489755549 0.0690294669833754
"220" 0.697170888035125 0.00430084107718611 0.172108315738903 0.126419955148786
"221" 0.590068822943553 0.0115668628718122 0.230151497973379 0.168212816211256
"222" 0.873720328171767 0.000373026991480311 0.0749588015414839 0.0509478432952686
"223" 0.868825154331686 0.000411962669674242 0.0776988863934083 0.0530639966052316
"224" 0.848015561346548 0.000607629975173345 0.0893011852037613 0.062075623474517
"225" 0.469216245775788 0.030607797047723 0.294444772870214 0.205731184306275
"226" 0.46826605739648 0.0308334425166708 0.294939579208452 0.205960920878398
"227" 0.48267436930821 0.0275742134043086 0.287410722748109 0.202340694539372
"228" 0.470167937079292 0.0303833584071299 0.29394893145785 0.205499773055729
"229" 0.461657223067834 0.0324469741964442 0.298373900567863 0.207521902167859
"230" 0.473989632077805 0.0294976176229541 0.291955298184319 0.204557452114922
"231" 0.473989632077805 0.0294976176229541 0.291955298184319 0.204557452114922
"232" 0.484620169603548 0.0271597012622593 0.28638998301626 0.201830146117932
"233" 0.48559519841211 0.0269541878381385 0.28587816280285 0.201572450946902
"234" 0.447751434397568 0.0361081269478548 0.305555457858674 0.210584980795904
"235" 0.489509367452889 0.0261436800578917 0.28382132081835 0.200525631670869
"236" 0.52158626705664 0.0203015528850986 0.266850712104428 0.191261467953834
"237" 0.473031978947317 0.0297172562628201 0.292455238260023 0.204795526529841
"238" 0.636719542014489 0.00767988109898738 0.204938082948211 0.150662493938312
"239" 0.703536751649257 0.0040289612147178 0.168642004052672 0.123792283083353
"240" 0.704594596317587 0.00398510804686147 0.168065818693037 0.123354476942515
"241" 0.743975381716129 0.0025955732224585 0.146578513723607 0.106850531337806
"242" 0.740932824750515 0.00268739626518662 0.148241400651959 0.108138378332339
"243" 0.841714137474177 0.000677287474780616 0.0928015391497138 0.0648070359013289
"244" 0.91995104752537 0.000116608514489051 0.0488035288152489 0.0311288151448916
"245" 0.272895246519287 0.13736930136871 0.38400714468001 0.205728307431993
"246" 0.267101637901878 0.143735730541019 0.385892170380814 0.203270461176289
"247" 0.358035470695212 0.0714708475848377 0.349614620763179 0.220879060956771
"248" 0.279428878722564 0.13055265660218 0.381795420119244 0.208223044556013
"249" 0.222241713820714 0.20594027987977 0.397848420441923 0.173969585857593
"250" 0.376019950159892 0.0623478942637795 0.341210046301261 0.220422109275068
"251" 0.332952853463024 0.0865039640238481 0.360805510690807 0.219737671822321
"252" 0.296110263542641 0.114733572908377 0.37576526116934 0.213390902379642
"253" 0.498396791585366 0.0243867206259556 0.279138787553172 0.198077700235506
"254" 0.555901248141948 0.0153854944656237 0.248522429618727 0.180190827773701
"255" 0.397460728656518 0.0529828361400977 0.330859831468366 0.218696603735018
"256" 0.398279266309086 0.0526544679659387 0.330458546392729 0.218607719332247
"257" 0.509404931291434 0.0223618390430453 0.273317281875538 0.194915947789983
"258" 0.464480429775379 0.0317481459582936 0.296908372196627 0.2068630520697
"259" 0.398279266309086 0.0526544679659387 0.330458546392729 0.218607719332247
"260" 0.664952695802762 0.00590643439425228 0.189624992344573 0.139515877458413
"261" 0.625839282792179 0.00847033723233395 0.210829351959706 0.154861028015782
"262" 0.636719542014489 0.00767988109898738 0.204938082948211 0.150662493938312
"263" 0.33969329390858 0.0821719057644594 0.357866921761736 0.220267878565224
"264" 0.411611049600206 0.0475804715789852 0.323866827823232 0.216941650997577
"265" 0.655198287773727 0.00647675436153732 0.194919612438838 0.143405345425897
"266" 0.810602055588427 0.00110262847394975 0.110012091238386 0.0782832246992364
"267" 0.792517682253577 0.00142063715556015 0.119970460248393 0.0860912203424695
"268" 0.610624955946318 0.00968847052109529 0.219056978062393 0.160629595470194
"269" 0.763910193933875 0.00205033599265433 0.135670178526001 0.0983692915474692
"270" 0.744986692482769 0.00256557823478979 0.146025677352099 0.106422051930342
"271" 0.569695300591856 0.013728907616213 0.241117832332861 0.17545795945907
"272" 0.657368257427641 0.00634618744942989 0.193742127504186 0.142543427618743
"273" 0.863079413299518 0.000460982554225768 0.0809095212425284 0.0555500829037283
"274" 0.890817251210011 0.000256085578831245 0.0653504069496003 0.0435762562615576
"275" 0.815859935600984 0.0010205078785219 0.107111036029456 0.0760085204910382
"276" 0.777468015138111 0.00173110024586618 0.128237035868554 0.0925638487474687
"277" 0.789733863118314 0.00147477996851594 0.121500900985424 0.0872904559277456
"278" 0.919452632530149 0.000118436607853934 0.0490888999909821 0.0313400308710146
"279" 0.829484141755387 0.000827632932239489 0.0995802467719839 0.0701079785403898
"280" 0.802568267393822 0.00123689336503467 0.114439608068071 0.0817552311730728
"281" 0.81236350759386 0.0010746214435398 0.109040510365004 0.0775213605975967
"282" 0.933400738909315 7.37394975604053e-05 0.0410649412057965 0.0254605803873284
"283" 0.947895633082405 4.0284435714777e-05 0.0326266076149648 0.0194374748669157
"284" 0.865252930116239 0.00044200880507914 0.0796956744287224 0.0546093866499596
"285" 0.506387276767467 0.0229009425339773 0.274915355929121 0.195796424769435
"286" 0.735833921673658 0.00284671323701313 0.151027057916727 0.110292307172601
"287" 0.894520296913368 0.000234409355150127 0.0632605423442679 0.0419847513872145
"288" 0.868825154331686 0.000411962669674242 0.0776988863934083 0.0530639966052316
"289" 0.691842942178172 0.00453921713378016 0.175008112689834 0.128609727998213
"290" 0.840114527060313 0.000695793830186459 0.0936892389829367 0.0655004401265642
"291" 0.6421588379256 0.00730818397611472 0.201990739881338 0.148542238216947
"292" 0.641071150420482 0.00738130284324124 0.202580227199435 0.148967319536842
"293" 0.918448717219235 0.000122173141075817 0.0496634205039717 0.0317656891357171
"294" 0.441384556361831 0.0379133700320916 0.308821204559734 0.211880869046344
"295" 0.764889974361207 0.0020259303550495 0.135133419104778 0.0979506761789655
"296" 0.741948435017911 0.00265647973071999 0.147686382228683 0.107708703022686
"297" 0.672517175627469 0.0054925801812061 0.185516229663137 0.136474014528188
"298" 0.768791952860641 0.00193083879716087 0.132995154615854 0.0962820537263439
"299" 0.497403893795383 0.0245774302234814 0.279662727670668 0.198355948310468
"300" 0.437782030620825 0.0389729567209887 0.310662226212638 0.212582786445548
"301" 0.452347311711618 0.0348565610704439 0.303189060377133 0.209607066840806
"302" 0.428010845275343 0.0419929514536974 0.315628949562515 0.214367253708445
"303" 0.445013093195519 0.0368741914164121 0.306961862047725 0.211150853340344
"304" 0.538085300803554 0.0177854157972097 0.258056654845695 0.186072628553542
"305" 0.538085300803554 0.0177854157972097 0.258056654845695 0.186072628553542
"306" 0.938820880809431 5.97780084746195e-05 0.0379230540397232 0.0231962871423715
"307" 0.93922278558595 5.88138969093994e-05 0.0376894798300509 0.0230289206870899
"308" 0.924331354731589 0.000101299080010144 0.0462914692785022 0.0292758769098989
"309" 0.934684082996549 7.02699053858792e-05 0.0403223520171751 0.0249232950808903
"310" 0.757996409999338 0.00220225612193928 0.138908679410202 0.100892654468521
"311" 0.757996409999338 0.00220225612193928 0.138908679410202 0.100892654468521
"312" 0.647595299413299 0.00695156148374698 0.199043552770928 0.146409586332027
"313" 0.715119442141589 0.0035685886576073 0.162330425911434 0.11898154328937
"314" 0.620401690213564 0.00889002761011563 0.213771348453597 0.156936933722724
"315" 0.620401690213564 0.00889002761011563 0.213771348453597 0.156936933722724
"316" 0.336301347596466 0.084323367823712 0.359352480926666 0.220022803653156
"317" 0.803469467969468 0.00122128796490293 0.11394324377328 0.0813660002923493
"318" 0.608455019174865 0.00987363423192001 0.220229378813642 0.161441967779573
"319" 0.609539844763258 0.00978069452607069 0.219643290219223 0.161036170491448
"320" 0.768791952860641 0.00193083879716087 0.132995154615854 0.0962820537263439
"321" 0.445013093195519 0.0368741914164121 0.306961862047725 0.211150853340344
"322" 0.552737819857899 0.0157893367161798 0.250217909541102 0.181254933884819
"323" 0.622576350935111 0.00872014561191627 0.212594940662715 0.156108562790258
"324" 0.464480429775379 0.0317481459582936 0.296908372196627 0.2068630520697
"325" 0.463537828021043 0.0319798653118336 0.297397942208467 0.207084364458656
"326" 0.567564591580223 0.0139740891332921 0.242262744868304 0.176198574418181
"327" 0.609539844763258 0.00978069452607069 0.219643290219223 0.161036170491448
"328" 0.50438186771906 0.0232657844321846 0.275976460971426 0.19637588687733
"329" 0.413308477563451 0.0469699947003294 0.32302043042236 0.216701097313859
"330" 0.470167937079292 0.0303833584071299 0.29394893145785 0.205499773055729
"331" 0.484620169603548 0.0271597012622593 0.28638998301626 0.201830146117932
"332" 0.319990971736007 0.0955072945041314 0.366294942946398 0.218206790813463
"333" 0.441384556361831 0.0379133700320916 0.308821204559734 0.211880869046344
"334" 0.33969329390858 0.0821719057644594 0.357866921761736 0.220267878565224
"335" 0.366901115540865 0.0668167110100298 0.345506636946632 0.220775536502473
"336" 0.508397783921584 0.0225404568969644 0.273850821758298 0.195210937423154
"337" 0.259278207605996 0.152848221276845 0.388318640070884 0.199554931046275
"338" 0.369157088647404 0.0656820129385297 0.344450139280944 0.220710759133122
"339" 0.367651348031851 0.066437188443319 0.345155780563863 0.220755682960967
"340" 0.187119952051413 0.287154151755522 0.408371433261472 0.117354462931594
"341" 0.187630374279244 0.284864732783996 0.407781333625725 0.119723559311035
"342" 0.187693088797691 0.284600920497469 0.407717576976056 0.119988413728784
"343" 0.186360712695261 0.299065268516481 0.413735067692153 0.100838951096106
"344" 0.186043864591759 0.296692493287541 0.412075722800447 0.105187919320254
"345" 0.18610545960891 0.297558053635836 0.412611463032289 0.103725023722965
"346" 0.203608188952099 0.241615912348177 0.401769250528842 0.153006648170882
"347" 0.200072090612566 0.249528847276284 0.402587419635018 0.147811642476132
"348" 0.188942921547805 0.279832910526521 0.406685321692996 0.124538846232677
"349" 0.189936733886302 0.276468929402843 0.406064964245599 0.127529372465256
"350" 0.188386252737738 0.281860469915682 0.407098927599104 0.122654349747476
"351" 0.188311533705837 0.28214282687811 0.407159286858803 0.12238635255725
"352" 0.189112786326076 0.279237323759709 0.406569922357396 0.125079967556818
"353" 0.19863101070046 0.25290833788693 0.402948290884403 0.145512360528207
"354" 0.208726343704283 0.230936203477498 0.400676047939877 0.159661404878342
"355" 0.206417619470148 0.235653076448321 0.401161083951044 0.156768220130486
"356" 0.186172602529723 0.293084094092839 0.410332385139197 0.110410918238241
"357" 0.195225950740984 0.261346053491341 0.403908316352612 0.139519679415063
"358" 0.19537576693893 0.260959073978858 0.403861789915522 0.13980336916669
"359" 0.191759609565527 0.270855304522325 0.40516845688779 0.132216629024358
"360" 0.210173751300162 0.22805529616276 0.400375615544686 0.161395336992392
"361" 0.209444194583249 0.229500360277959 0.400526808583602 0.160528636555189
"362" 0.210419544084561 0.227571595506838 0.400324760927896 0.161684099480705
"363" 0.194211564464051 0.264011860760894 0.40423733661451 0.137539238160546
"364" 0.193795179543793 0.26513097044333 0.404380349465285 0.136693500547592
"365" 0.193389780498652 0.266235831694225 0.404524716813933 0.135849670993189
"366" 0.208020164862509 0.232362616274932 0.400823464942656 0.158793753919903
"367" 0.207787359932757 0.23283595562577 0.400872221584934 0.158504462856538
"368" 0.218406473717234 0.212634891256071 0.398666846060005 0.170291788966691
"369" 0.206869047807853 0.234718451497317 0.401065464960278 0.157347035734552
"370" 0.211415785530857 0.225626939874509 0.400118927056303 0.162838347538331
"371" 0.208489655518513 0.231412732523467 0.40072538295696 0.15937222900106
"372" 0.187955949074734 0.283526986502608 0.407466045454374 0.121051018968283
"373" 0.188024664930329 0.283253851575426 0.40740402257197 0.121317460922274
"374" 0.193257085901092 0.266600926482798 0.404573158183866 0.135568829432243
"375" 0.209686077823136 0.229019686387078 0.400476634482711 0.160817601307074
"376" 0.21066664260793 0.227086901644233 0.400273669681133 0.161972786066704
"377" 0.190645053395565 0.274217429323069 0.405687362767091 0.129450154514275
"378" 0.203816647565196 0.241164344472454 0.401723158470079 0.153295849492271
"379" 0.212176726864728 0.224158324776302 0.399961877711442 0.163703070647528
"380" 0.187568859924185 0.285126668766275 0.407845445218837 0.119459026090703
"381" 0.206869047807853 0.234718451497317 0.401065464960278 0.157347035734552
"382" 0.204663204495942 0.239346025845193 0.401537765291713 0.154453004367152
"383" 0.187449431675884 0.285644896393928 0.407974743939666 0.118930927990522
"384" 0.213471278029558 0.221691991049359 0.399694640352375 0.165142090568708
"385" 0.215068367487454 0.218702879391218 0.399364134843785 0.166864618277542
"386" 0.20732562476909 0.233779391068252 0.400969190291403 0.157925793871256
"387" 0.189112786326076 0.279237323759709 0.406569922357396 0.125079967556818
"388" 0.213471278029558 0.221691991049359 0.399694640352375 0.165142090568708
"389" 0.222852160917048 0.20490032732104 0.397716009070865 0.174531502691046
"390" 0.222241713820714 0.20594027987977 0.397848420441923 0.173969585857593
"391" 0.217272343942914 0.214670230895444 0.398905024694035 0.169152400467606
"392" 0.223778104447309 0.203335781855081 0.397513914500749 0.17537219919686
"393" 0.224716412171271 0.201765905955574 0.397307525476323 0.176210156396832
"394" 0.235865975808581 0.184213771752633 0.394714863834097 0.18520538860469
"395" 0.226307847622839 0.199138243953148 0.396953629627497 0.177600278796516
"396" 0.223468084851019 0.203857900938371 0.397581749772934 0.175092264437676
"397" 0.228263332985864 0.195967924496775 0.396511818193262 0.179256924324099
"398" 0.210915048159153 0.22660122246971 0.400222336897251 0.162261392473886
"399" 0.221037201627822 0.208012485578056 0.398107861327561 0.172842451466562
"400" 0.229931271698544 0.193313022016806 0.396128622015497 0.180627084269153
"401" 0.230269064163649 0.192780733615087 0.396050283857185 0.18089991836408
"402" 0.252319492734084 0.161490863122238 0.390357408647768 0.19583223549591
"403" 0.257502049875424 0.155004324944108 0.388849885052899 0.198643740127569
"404" 0.243378317640223 0.173411853499837 0.392806536664805 0.190403292195134
"405" 0.24260093043503 0.1744948608029 0.393010319146133 0.189893889615938
"406" 0.294427171039307 0.116233374174054 0.376397203602613 0.212942251184026
"407" 0.273388291206448 0.136841768601012 0.383843371039616 0.205926569152925
"408" 0.244161566637846 0.172328485971667 0.392599735355288 0.190910212035199
"409" 0.243378317640223 0.173411853499837 0.392806536664805 0.190403292195134
"410" 0.261078871945692 0.150696087672798 0.387772565628248 0.200452474753261
"411" 0.261078871945692 0.150696087672798 0.387772565628248 0.200452474753261
"412" 0.26336433603232 0.148012346331517 0.387068707218874 0.201554610417289
"413" 0.251476865358189 0.162573870603879 0.390596460134067 0.195352803903865
"414" 0.189287461409045 0.278634563536152 0.406455711037638 0.125622264017166
"415" 0.187693088797691 0.284600920497469 0.407717576976056 0.119988413728784
"416" 0.188238015519597 0.28242334764422 0.407219973108439 0.122118663727744
"417" 0.206642690655629 0.235186322171494 0.401113354023428 0.15705763314945
"418" 0.25794379796107 0.154464957256714 0.38871844912583 0.198872795656386
"419" 0.212433001985305 0.223666900749449 0.39990899229073 0.163991104974517
"420" 0.212690593323007 0.223174547285353 0.39985583080382 0.16427902858782
"421" 0.210173751300162 0.22805529616276 0.400375615544686 0.161395336992392
"422" 0.264289341642989 0.146941069099132 0.38678044129912 0.201989147958759
"423" 0.296674603141598 0.114235268115929 0.375552248161905 0.213537880580568
"424" 0.300671462324825 0.110770621070521 0.374027767683973 0.214530148920681
"425" 0.267101637901878 0.143735730541019 0.385892170380814 0.203270461176289
"426" 0.266157978564314 0.144802693625336 0.38619220512692 0.20284712268343
"427" 0.197770804690041 0.254975355134702 0.403174456600579 0.144079383574677
"428" 0.200444858422262 0.248670405438989 0.402497174634321 0.148387561504429
"429" 0.200822640569577 0.247806642598278 0.402406848008073 0.148963868824072
"430" 0.295547579369512 0.115232696661157 0.375977089606796 0.213242634362534
"431" 0.226307847622839 0.199138243953148 0.396953629627497 0.177600278796516
"432" 0.241829391311562 0.175577435541856 0.393211120984702 0.18938205216188
"433" 0.241445810505088 0.17611853808247 0.393310416138789 0.189125235273654
"434" 0.345908624166499 0.0783741675662151 0.355110640947289 0.220606567319997
"435" 0.197269567062459 0.256198478052419 0.403310660966928 0.143221293918193
"436" 0.276379885556487 0.133687352390106 0.382838624133093 0.207094137920315
"437" 0.238058939494082 0.180981286637036 0.394171767658264 0.186788006210617
"438" 0.226307847622839 0.199138243953148 0.396953629627497 0.177600278796516
"439" 0.203401000393334 0.242066261131574 0.401815249398924 0.152717489076168
"440" 0.195077361913167 0.261731507182687 0.403954953925302 0.139236176978845
"441" 0.239174860885236 0.179361995458217 0.39389100976237 0.187572133894177
"442" 0.281493611262294 0.128474650382747 0.381078210793801 0.208953527561157
"443" 0.252743060950802 0.160949516131287 0.390236600032145 0.196070822885766
"444" 0.278406147192054 0.131595259077132 0.382147475107526 0.207851118623289
"445" 0.267575808914044 0.143202834566857 0.385740659880883 0.203480696638216
"446" 0.4057240716998 0.0497587026307959 0.326790151844421 0.217727073824983
"447" 0.386184083549276 0.0577188586249378 0.336343854900836 0.21975320292495
"448" 0.832797686291979 0.000784852393882173 0.0977454894138512 0.0686719719002878
"449" 0.831145613318434 0.0008059871448614 0.0986604304988822 0.069387969037822
"450" 0.843304081117807 0.000659227210745569 0.0919188640101921 0.0641178276612555
"451" 0.814116154624968 0.00104725205144137 0.108073480948426 0.076763112375165
"452" 0.814116154624968 0.00104725205144137 0.108073480948426 0.076763112375165
"453" 0.94536984496461 4.52422889398193e-05 0.0341057219756109 0.0204791907708389
"454" 0.948599501716047 3.89648355281968e-05 0.0322136860182903 0.0191478474301345
"455" 0.637807545454425 0.00760431378475937 0.204348648600565 0.150239492160251
"456" 0.650855096874918 0.0067446352161244 0.197275721404137 0.14512454650482
"457" 0.659536993396287 0.00621783191780687 0.192565106013681 0.141680068672225
"458" 0.745996544497832 0.00253588543808611 0.145473581996786 0.105993988067296
"459" 0.844095416673303 0.000650361426023534 0.0914794170472064 0.0637748048534672
"460" 0.769763104224389 0.00190768773809842 0.1324628124167 0.0958663956208124
"461" 0.759974278496126 0.00215055604353968 0.137825803139465 0.100049362320869
"462" 0.758986160221907 0.00217627168341237 0.138366824567871 0.10047074352681
"463" 0.969626958009583 1.08722955176919e-05 0.0196935661737133 0.0106686035211861
"464" 0.969626958009583 1.08722955176919e-05 0.0196935661737133 0.0106686035211861
"465" 0.673595902630223 0.00543550397689547 0.184930104164221 0.136038489228661
"466" 0.672517175627469 0.0054925801812061 0.185516229663137 0.136474014528188
"467" 0.67467410873194 0.00537892910576115 0.184344212364902 0.135602749797397
"468" 0.691842942178172 0.00453921713378016 0.175008112689834 0.128609727998213
"469" 0.662787537601955 0.00602938370728297 0.190800580222769 0.140382498467993
"470" 0.590068822943553 0.0115668628718122 0.230151497973379 0.168212816211256
"471" 0.707762478788882 0.00385599133424806 0.166340043419749 0.122041486457121
"472" 0.705651508419186 0.00394166400408082 0.16749009173976 0.122916735836974
"473" 0.209686077823136 0.229019686387078 0.400476634482711 0.160817601307074
"474" 0.208964328778862 0.230458626593561 0.400626510444255 0.159950534183322
"475" 0.227933938751239 0.196497534614215 0.396586793700882 0.178981732933664
"476" 0.222241713820714 0.20594027987977 0.397848420441923 0.173969585857593
"477" 0.222241713820714 0.20594027987977 0.397848420441923 0.173969585857593
"478" 0.213734147655076 0.221196000719779 0.399640324980034 0.165429526645111
"479" 0.213998340235878 0.220699121497841 0.399585708704576 0.165716829561705
"480" 0.204878029893603 0.238888470581096 0.401491137405911 0.15474236211939
"481" 0.212949502214031 0.222681272451565 0.399802388294116 0.164566837040288
"482" 0.221636731415671 0.206977689071376 0.397979024368285 0.173406555144668
"483" 0.217836720840809 0.213654089704385 0.398786687542183 0.169722501912624
"484" 0.217836720840809 0.213654089704385 0.398786687542183 0.169722501912624
"485" 0.215884846374284 0.217196766761738 0.399194550344616 0.167723836519363
"486" 0.216992167890682 0.215177133945985 0.398963641735281 0.168867056428052
"487" 0.241445810505088 0.17611853808247 0.393310416138789 0.189125235273654
"488" 0.228263332985864 0.195967924496775 0.396511818193262 0.179256924324099
"489" 0.229931271698544 0.193313022016806 0.396128622015497 0.180627084269153
"490" 0.232325387575926 0.189578599757258 0.39556794110039 0.182528071566426
"491" 0.214263857136569 0.220201361553815 0.399530786543171 0.166003994766445
"492" 0.214263857136569 0.220201361553815 0.399530786543171 0.166003994766445
"493" 0.227605938631764 0.19702666715602 0.396661226378834 0.178706167833382
"494" 0.23880144263508 0.179901960869017 0.393985290974665 0.187311305521238
"495" 0.23407789038195 0.18690013831366 0.395149313798771 0.183872657505619
"496" 0.277389820688739 0.132640178517556 0.382495200433946 0.207474800359758
"497" 0.286233691467529 0.123836458430729 0.379399649865243 0.2105302002365
"498" 0.20825426298224 0.231888206018976 0.400774520344268 0.159083010654516
"499" 0.192866309013599 0.267686557020023 0.404719492235444 0.134727641730934
"500" 0.19916205861799 0.25165132139645 0.402812907681147 0.146373712304413
"501" 0.220739477712237 0.208528882476188 0.398171629841266 0.172560009970309
"502" 0.225667125731833 0.200190936286233 0.397096705421919 0.177045232560014
"503" 0.19492999974358 0.262115429190455 0.404001706642643 0.138952864423322
"504" 0.19916205861799 0.25165132139645 0.402812907681147 0.146373712304413
"505" 0.248166220567453 0.166908772676456 0.391519121528112 0.193405885227979
"506" 0.248166220567453 0.166908772676456 0.391519121528112 0.193405885227979
"507" 0.278406147192054 0.131595259077132 0.382147475107526 0.207851118623289
"508" 0.295547579369512 0.115232696661157 0.375977089606796 0.213242634362534
"509" 0.232325387575926 0.189578599757258 0.39556794110039 0.182528071566426
"510" 0.23407789038195 0.18690013831366 0.395149313798771 0.183872657505619
