"B" "M" "R" "T"
"7000400102" 0.0152619126678095 0.380237538852015 0.0178167457421163 0.58668380273806
"7000400201" 0.0178709835142759 0.397584127840759 0.019398093348527 0.565146795296438
"7000400302" 0.0138852869965425 0.3961709288722 0.0191576820999168 0.570786102031341
"7000400401" 0.0215670810428326 0.413554546517754 0.0218084507067942 0.54306992173262
"7000400501" 0.0128414462509144 0.371334569817248 0.0177022016796836 0.598121782252155
"7000400502" 0.0138958098021549 0.375672315699601 0.0179873402517569 0.592444534246487
"7000400601" 0.00354548811204242 0.308218012713052 0.0111575284453106 0.677078970729595
"7000400602" 0.00402751181729742 0.310938302000313 0.0117009220796517 0.673333264102738
"7000400701" 0.0165938757121616 0.404821611592942 0.020211938951875 0.558372573743021
"7000400802" 0.00605379391823147 0.341812539876085 0.0152615689395401 0.636872097266144
"7000401001" 0.0168264864319749 0.415944392655746 0.0221155807186391 0.54511354019364
"7000401201" 0.00686458262026564 0.352179677738718 0.0166573718955826 0.624298367745434
"7000401301" 0.0174628585622285 0.43321618316906 0.0249623469428329 0.524358611325879
"7000401401" 0.0110419681672877 0.390697963984134 0.0218946756056026 0.576365392242976
"7000401402" 0.0111629736911573 0.39152286529806 0.0220060874454439 0.575308073565339
"7000401501" 0.00608325067112561 0.380551983743542 0.0190770384910465 0.594287727094286
"7000401502" 0.00610683071053631 0.38102955615923 0.0191424920972946 0.593721121032939
"7000401801" 0.0187602635520964 0.453687490041137 0.0313523099328177 0.496199936473949
"7000401802" 0.0188639938022555 0.454453176414629 0.0315197683439152 0.4951630614392
"7000401901" 0.0199040074649588 0.448743558918574 0.0293880602924627 0.501964373324004
"7000401902" 0.0201715373489276 0.448580084989479 0.0290618220687557 0.502186555592838
"7000402002" 0.00811376732873543 0.410057388273031 0.0238774220574693 0.557951422340764
"7000402101" 0.0238435330939791 0.46121867965327 0.029241745441014 0.485696041811737
"7000402201" 0.0257456070795371 0.476068363192724 0.0312653997525564 0.466920629975182
"7000402202" 0.0256658404031671 0.475587401916343 0.0312023029237152 0.467544454756774
"7000402301" 0.0261631179770188 0.472398767176936 0.0309472047080594 0.470490910137985
"7000402402" 0.0218520885296428 0.470967460854752 0.0345848796040781 0.472595571011527
"7000402501" 0.0198488951733721 0.470269090203776 0.0360458151903615 0.47383619943249
"7000402502" 0.0200624426523206 0.46945143220763 0.0356498250753908 0.474836300064658
"7000402701" 0.0147752909942263 0.417453184077429 0.0268802027479797 0.540891322180365
"7000402702" 0.0147014320558926 0.416817611812033 0.0267545078914974 0.541726448240577
"7000402801" 0.0270465477429699 0.504720979982589 0.036575251560033 0.431657220714408
"7000402802" 0.0271516159112991 0.503885839011146 0.036109646641864 0.432852898435691
"7000402901" 0.0261115276544917 0.475906039971016 0.033345412308288 0.464637020066204
"7000402902" 0.0259474193889604 0.475673198394191 0.0334420762279752 0.464937305988874
"7000403101" 0.0291654369322396 0.512122778861617 0.0379261118757416 0.420785672330402
"7000403501" 0.0165024699460739 0.468842536404098 0.0374707336816041 0.477184259968224
"7000403601" 0.0187597647096907 0.468322960462726 0.0374876610855562 0.475429613742027
"7000403602" 0.0183327505765284 0.467351618558705 0.0372475418704877 0.477068088994279
"7000403802" 0.0204881091122686 0.472548383404874 0.0384504220677362 0.468513085415121
"7000403902" 0.0194224709755104 0.481817533599233 0.0410034214279177 0.457756573997339
"7000404002" 0.0381551291931759 0.512752210963798 0.0403661775774568 0.408726482265569
"7000404201" 0.0363633264275734 0.525372429361556 0.0405201923842701 0.397744051826601
"7000404202" 0.0392133033205634 0.521717534007996 0.0409667158279539 0.398102446843486
"7000404302" 0.0312176620678754 0.509869490947908 0.0439398695705679 0.414972977413649
"7000404401" 0.0199547402037485 0.473750290638968 0.0393754023302149 0.466919566827069
"7000404502" 0.0310928308434219 0.507933976977302 0.0443451283303138 0.416628063848963
"7000404601" 0.0207763085649199 0.472575855343761 0.039334346526793 0.467313489564526
"7000404602" 0.0199508489343895 0.472072852794796 0.0392357420005878 0.468740556270227
"7000404902" 0.0331194934158278 0.513557268500348 0.0452618105342562 0.408061427549568
"7000405001" 0.0196463797248956 0.483991302870154 0.0421957342044295 0.454166583200521
"7000405002" 0.0198619724293082 0.485020952688712 0.0425095756095098 0.45260749927247
"7000405102" 0.0166522090499729 0.478655177595839 0.0402218908899936 0.464470722464194
"7000405402" 0.0270116747866771 0.49299053471162 0.0439565571383364 0.436041233363366
"7000405501" 0.0261806611238139 0.511564657610007 0.0515647317911848 0.410689949474995
"7000405502" 0.0273311691255149 0.51171561799656 0.0515317421251832 0.409421470752742
"7000405702" 0.0455274637262982 0.569405026783026 0.0515753100317596 0.333492199458916
"7000405801" 0.0277362628577453 0.508121294283093 0.0507457724810064 0.413396670378155
"7000405802" 0.0298880758817347 0.506945737802602 0.0497442496514718 0.413421936664192
"7000405901" 0.0440845610521836 0.554783278432929 0.0518445231736152 0.349287637341272
"7000406001" 0.0451583580418426 0.54406329950963 0.0496961953008463 0.361082147147681
"7000406301" 0.0241860680922098 0.512667632290317 0.0525597558207618 0.410586543796712
"7000406302" 0.0274945139781987 0.511353501050128 0.0522728747564732 0.4088791102152
"7000406401" 0.044371055888668 0.54663444714107 0.0528026920347646 0.356191804935498
"7000406501" 0.0371508375635323 0.531273505767478 0.0563432741006709 0.375232382568319
"7000406502" 0.0372059881471198 0.531515016491013 0.0564435230551339 0.374835472306734
"7000406702" 0.0465985494649847 0.553249152048658 0.0521294542679772 0.34802284421838
"7000406801" 0.0385353200958789 0.543128036294383 0.0617386078190032 0.356598035790735
"7000407102" 0.054090779988646 0.588324675707456 0.0784168656036465 0.279167678700251
"7000407302" 0.0595534512869653 0.600899486602148 0.0856010487388419 0.253946013372045
"7000407401" 0.059419418512781 0.597655041054021 0.0905465407797215 0.252378999653477
"7000407402" 0.060031895258976 0.59726427662651 0.0946973846975382 0.248006443416976
"7000407601" 0.0441645196885187 0.555767736476125 0.0680077835285892 0.332059960306767
"7000407602" 0.0443842665541721 0.556307683565662 0.0684614459266267 0.330846603953539
"7000407701" 0.0609709210267186 0.596038944217187 0.096579633510597 0.246410501245497
"7000407702" 0.0615834724915238 0.595991091090381 0.100922509198649 0.241502927219446
"7000407802" 0.0544976573056037 0.58766030698891 0.0713567142375068 0.286485321467979
"7000408001" 0.0529288508124077 0.573231816428553 0.0701652485799673 0.303674084179072
"7000408301" 0.0866804574439171 0.52439991706222 0.0897356970017779 0.299183928492085
"7000408302" 0.0825308271174392 0.530997896325067 0.0859594646827307 0.300511811874763
"7000408801" 0.0642955485716053 0.584753693197469 0.0708216232101649 0.280129135020761
"7000408802" 0.0642587073941554 0.585009856440844 0.0707442542796413 0.279987181885359
"7000408901" 0.0619916217648606 0.607624890674398 0.0701054770230993 0.260278010537642
"7000409001" 0.0658742080427755 0.62144135230246 0.0751971663873772 0.237487273267388
"7000409002" 0.0659605286507434 0.622458107176159 0.0754853517724793 0.236096012400618
"7000409302" 0.0669426707490558 0.591917225888783 0.109247800564468 0.231892302797693
"7000409701" 0.0851895781463696 0.59174316931885 0.150861727162433 0.172205525372348
"7000409702" 0.084610432614514 0.591581252858131 0.151354415006605 0.17245389952075
"7000409801" 0.0792023696859584 0.59822338158764 0.121111830847123 0.201462417879279
"7000409802" 0.0788316248007585 0.599341698460871 0.117335429591482 0.204491247146889
"7000410002" 0.072071785685643 0.574874955370942 0.0796502781811794 0.273402980762236
"7000410101" 0.0788140533708991 0.596720224300374 0.113606127637227 0.2108595946915
"7000410201" 0.0722337704370196 0.569137549552599 0.0769240588024274 0.281704621207954
"7000410301" 0.0814699571300101 0.634310073395076 0.0922915287981837 0.19192844067673
"7000410302" 0.0820290365549249 0.635473284242293 0.0931604670333665 0.189337212169415
"7000410402" 0.0844876009781788 0.636918210507029 0.0966353071072816 0.18195888140751
"7000410501" 0.0763651460086862 0.611313447797276 0.0816937165428806 0.230627689651157
"7000410701" 0.0784930671808211 0.572104413406535 0.0829478991590463 0.266454620253597
"7000410901" 0.0803135178275447 0.575927450997939 0.0843120754173326 0.259446955757184
"7000411001" 0.0675647466641261 0.574088058398237 0.090255627554581 0.268091567383056
"7000411302" 0.0961798527139169 0.573320480684633 0.0863141037801992 0.244185562821251
"7000411502" 0.100202551542939 0.626697827368782 0.114906801299695 0.158192819788584
"7000411602" 0.0938910585810647 0.578020675953107 0.182819218703595 0.145269046762234
"7000411701" 0.0980247090090525 0.591132932275145 0.146777668295604 0.164064690420198
"7000412101" 0.104034425751096 0.572649798191211 0.188639072073354 0.134676703984338
"7000412102" 0.108473511470391 0.580188351846822 0.171025964380922 0.140312172301865
"7000412202" 0.0868528221903828 0.584459609790552 0.102355981530355 0.22633158648871
"7000412402" 0.11158984272685 0.60042016685102 0.144079695145944 0.143910295276186
"7000412501" 0.052618681944642 0.605744847049806 0.143083546468795 0.198552924536757
"7000412701" 0.0932393987099003 0.604786323286256 0.103678384415956 0.198295893587887
"7000412901" 0.0950947807151993 0.591187527911082 0.147813257114882 0.165904434258837
"7000413001" 0.112231628263228 0.605851216615887 0.138154040115476 0.143763115005408
"7000413002" 0.112949067793795 0.604932272313991 0.139805048057301 0.142313611834913
"7000413201" 0.105694360966685 0.58152996547399 0.0994799280941315 0.213295745465193
"7000413502" 0.111026867010676 0.596437667136642 0.141036862178305 0.151498603674377
"7000413601" 0.109018635393571 0.576389592488386 0.174967144419763 0.13962462769828
"7000413701" 0.0833018685968146 0.58527499209797 0.130313680892242 0.201109458412973
"7000413702" 0.0830815402872857 0.585374924808728 0.130078673195778 0.201464861708208
"7000413802" 0.10475112693336 0.607237650807683 0.109903068034165 0.178108154224792
"7000413901" 0.111198096920245 0.605352178323146 0.126051915927746 0.157397808828863
"7000413902" 0.111340013492529 0.605295995879775 0.126222462938529 0.157141527689167
"7000414001" 0.112698722783035 0.601387245594229 0.126767155153657 0.15914687646908
"7000502101" 0.011284902855546 0.466484724672368 0.0351852683283554 0.48704510414373
"7000502102" 0.0114713179212843 0.467875403950948 0.0355937443563339 0.485059533771434
"7000502201" 0.0190136969000188 0.456691059083378 0.0354977185542831 0.48879752546232
"7000502302" 0.0233846514793767 0.496249044128148 0.0467112089122726 0.433655095480203
"7000502901" 0.0247430664398981 0.551126456979593 0.0724754635548744 0.351655013025634
"7000502902" 0.0245407891436451 0.55039320773537 0.0719447648418811 0.353121238279104
"7000503001" 0.0275919254305561 0.546673510083113 0.068514695955858 0.357219868530472
"7000503101" 0.0313533125480061 0.566913295372526 0.0871341493810924 0.314599242698376
"7000503402" 0.0460421217220378 0.576290032937181 0.113145414456283 0.264522430884498
"7000503601" 0.0478438587744776 0.574449692153948 0.096222975798429 0.281483473273146
"7000503801" 0.0492029447682291 0.583643444161012 0.111930049755983 0.255223561314775
"7000504002" 0.0583324910664239 0.583098647531877 0.112297750690272 0.246271110711426
"7000504101" 0.060880137501657 0.584964891651871 0.122047058970933 0.232107911875539
"7000504202" 0.069833480335562 0.584586735377894 0.139705572843948 0.205874211442596
"7000600201" 0.112420202409393 0.607162175780859 0.114629497622521 0.165788124187227
"7000600202" 0.111661607033158 0.608382592753476 0.114104035008781 0.165851765204584
"7000600702" 0.11988816318927 0.602083749079488 0.117993062552867 0.160035025178375
"7000600801" 0.179054684217342 0.518474807660719 0.150044244534753 0.152426263587186
"7000600802" 0.156537689841468 0.547642981256005 0.135497470305904 0.160321858596623
"7000600901" 0.102129889222054 0.56993792432749 0.19525240320115 0.132679783249306
"7000601101" 0.346977391175983 0.307840746679984 0.260883896373288 0.084297965770745
"7000601102" 0.231957797611966 0.450734591062398 0.187563472235424 0.129744139090212
"7000601202" 0.132895518324809 0.578240337173911 0.133034684711909 0.155829459789371
"7000601902" 0.148614615558723 0.574491316040872 0.140546079295581 0.136347989104825
"7000602001" 0.158732891367808 0.56140178824408 0.135450970463282 0.14441434992483
"7000602002" 0.165404776782669 0.552229826103458 0.138744413533041 0.143620983580832
"7000602101" 0.15143750535049 0.570809323878738 0.133344372917608 0.144408797853164
"7000602202" 0.153829423399082 0.56823965309339 0.146277961029501 0.131652962478027
"7000602302" 0.156500259418057 0.569470903445325 0.137772762687548 0.13625607444907
"7000602401" 0.147788173992951 0.562741930196771 0.153178787304098 0.13629110850618
"7000602601" 0.157243647650699 0.569750135117798 0.138629154339707 0.134377062891795
"7000602602" 0.15906873629678 0.56767346988388 0.139256489918944 0.134001303900397
"7000602702" 0.151052306186746 0.558389723548831 0.155599337312858 0.134958632951565
"7000602801" 0.165068585469466 0.560612482405761 0.142180748209764 0.132138183915009
"7000602802" 0.167829514474615 0.557116228088333 0.143546715181736 0.131507542255316
"7000602901" 0.156302829267754 0.556743508219683 0.158441079780683 0.12851258273188
"7000602902" 0.156862500040537 0.556295783034427 0.158912642819887 0.127929074105149
"7000603001" 0.16530615096392 0.562434341486061 0.159627180491412 0.112632327058607
"7000603002" 0.165743449634047 0.562044014287791 0.15998266739407 0.112229868684092
"7000603102" 0.197925127808531 0.511931328488151 0.170186274574059 0.119957269129259
"7000603201" 0.157723625671522 0.560380488883926 0.163289572790611 0.118606312653942
"7000603302" 0.193969293049684 0.520935789304187 0.167645474834241 0.117449442811887
"7000603401" 0.181840528316529 0.540381501801914 0.163459314901235 0.114318654980322
"7000603402" 0.192752618175422 0.522674334631165 0.170885917967784 0.113687129225629
"7000603501" 0.204091977617218 0.508172757397161 0.180757218396056 0.106978046589565
"7000603502" 0.210049149740179 0.498796420230606 0.18515716634223 0.105997263686985
"7000603601" 0.194063297476645 0.527757601057927 0.165307039369582 0.112872062095846
"7000603602" 0.191163503573945 0.531996828776028 0.163832832147654 0.113006835502374
"7000603701" 0.195559573356906 0.526604460538885 0.164713499415508 0.113122466688701
"7000603702" 0.196945133137828 0.524819116404589 0.16542350690613 0.112812243551452
"7000603802" 0.16783784894454 0.565136222898822 0.158634131764562 0.108391796392077
"7000603902" 0.1829049186423 0.55080968478881 0.162498320318512 0.103787076250379
"7000604101" 0.214409539500626 0.506446014415778 0.190306224534049 0.0888382215495478
"7000604102" 0.206952458230486 0.519048887596236 0.185290786352285 0.088707867820993
"7000604201" 0.194057695072121 0.53860714349626 0.191160536963902 0.0761746244677178
"7000604202" 0.189330179878848 0.549332951173149 0.174295218646638 0.0870416503013648
"7000700101" 0.0350879960801154 0.526186892478882 0.05697681879571 0.381748292645293
"7000700102" 0.0354250671500318 0.527127619124694 0.0573557682343399 0.380091545490935
"7000700301" 0.0372568173194933 0.54752665257262 0.0701843994783197 0.345032130629568
"7000700302" 0.0370542857923284 0.546999375750229 0.0698349007075589 0.346111437749884
"7000700401" 0.0377282959117402 0.552345578308203 0.0733584205398912 0.336567705240166
"7000700501" 0.038522839232531 0.560248061599581 0.0789096337652307 0.322319465402658
"7000700502" 0.0371682550125534 0.560837987400371 0.0791336677819511 0.322860089805124
"7000700701" 0.0597437190284024 0.580732940773243 0.104020086776924 0.255503253421431
"7000700702" 0.0593881954593028 0.580634005190651 0.103755399151944 0.256222400198102
"7000700801" 0.0621298338310953 0.583842157619251 0.115016990969581 0.239011017580073
"7000701001" 0.0680302615405411 0.585264288252981 0.122113437544956 0.224592012661522
"7000701201" 0.0730559458892729 0.584686117548492 0.117388279224613 0.224869657337622
"7000701702" 0.0821635924503787 0.582921035468737 0.116860497438896 0.218054874641989
"7000701802" 0.0749553908184037 0.587299407983855 0.145079048556704 0.192666152641037
"7000701901" 0.101251990742793 0.591247649173666 0.131118850837251 0.17638150924629
"7000701902" 0.101519925986796 0.591316789996934 0.130895088605871 0.176268195410399
"7000702101" 0.097212564894237 0.582260851096639 0.142628596338813 0.177897987670311
"7000702102" 0.0974855665673972 0.582200768484259 0.142650198167868 0.177663466780475
"7000702201" 0.108402956338134 0.587164711565234 0.138061153672585 0.166371178424047
"7000702401" 0.0835630595195637 0.583592082833885 0.177000624849905 0.155844232796646
"7000702502" 0.101756452715538 0.580708509164888 0.13835737665866 0.179177661460913
"7009300202" 0.715058328515531 6.44611433601324e-05 0.284873079375823 4.13096528581874e-06
"7009400101" 0.499871203879247 0.104978650148966 0.388217913044961 0.00693223292682608
"7009400102" 0.564923490765465 0.031725767389166 0.401156480904081 0.00219426094128817
"7009400201" 0.498027672092405 0.0912621833778654 0.405290011363338 0.00542013316639206
"7009400202" 0.521774507285931 0.0603489607123409 0.414182463444197 0.00369406855753134
"7009400301" 0.403881390084076 0.257170266642488 0.329147913412715 0.00980042986072102
"7009400401" 0.415033407369605 0.235314753450975 0.340077906071123 0.00957393310829679
"7009400402" 0.427603048682798 0.212242416069331 0.350971686284298 0.00918284896357274
"7009500101" 0.736831950184811 1.40605013927654e-05 0.263153257162465 7.32151331501075e-07
"7009500102" 0.736975637645866 1.4043936294172e-05 0.263009586307769 7.32110071078839e-07
"7009500201" 0.654078006417506 0.000575658919942786 0.34530357956633 4.27550962215058e-05
"7009500202" 0.631387043807919 0.00189081976154972 0.366566824822383 0.000155311608148048
"7009500301" 0.622336637844345 0.00274714041660441 0.374686883936128 0.000229337802922082
"7009500302" 0.629079719867847 0.00195715634591612 0.368803940860869 0.000159182925368648
"7009500401" 0.321685659901404 0.375018205354214 0.281077197811277 0.0222189369331049
"7009500402" 0.32538146561838 0.370111197939708 0.283948157546705 0.020559178895207
"7009500502" 0.644177210983614 0.000452825709713623 0.355341180434533 2.87828721398434e-05
"7009500601" 0.656297502712255 0.000222633335879281 0.343466585892766 1.32780591001166e-05
"7009500602" 0.658702536999191 0.000195238066856026 0.341090742241762 1.14826921909702e-05
"7009500701" 0.685126671164418 4.38130461650232e-05 0.314827271558215 2.244231202027e-06
"7009500702" 0.641246027802682 0.000510491067991604 0.358211113455726 3.23676736003524e-05
"7009500802" 0.622926252082614 0.00129875526050356 0.375687763762786 8.72288940968032e-05
"7009500901" 0.41368231330516 0.220629121510136 0.35168312506075 0.014005440123955
"7009501001" 0.662265974838798 0.000113321483503087 0.337614830110978 5.87356672084806e-06
"7009501002" 0.757019778361354 4.41960700491246e-07 0.242979766336889 1.33410566770453e-08
"7009501102" 0.446420799469309 0.173490235577934 0.37153759630752 0.00855136864523696
"7009600101" 0.434570925219687 0.199186115415351 0.356993658452702 0.00924930091225984
"7009600102" 0.43674345193148 0.195412154753216 0.35868223415255 0.00916215916275341
"7009700101" 0.703638765227379 8.50602225557313e-05 0.296270616079861 5.55847020482085e-06
"7009700102" 0.696699413016471 0.000128312905497256 0.303163490607141 8.78347089065052e-06
"7009700201" 0.693990860760368 7.505284268096e-05 0.305929388442088 4.69795486297524e-06
"7009700202" 0.694291558272086 7.26218166168891e-05 0.305631299435286 4.52047601081244e-06
"7009700301" 0.588957543720648 0.0135403119514522 0.396186033733734 0.00131611059416559
"7009700302" 0.588509211764556 0.0138198292409708 0.396324170138762 0.00134678885571082
"7009800101" 0.329145694554381 0.371365854516595 0.242681707104308 0.0568067438247163
"7009800102" 0.329010007880782 0.371472534598164 0.242761843106331 0.0567556144147235
"7009800201" 0.613999691809974 0.0254272824336296 0.357464516656026 0.00310850910037037
"7009800202" 0.65753125764977 0.00450685707958543 0.337501241886394 0.000460643384251024
"7009800301" 0.655239495748086 0.00393714432969967 0.340430382529718 0.000392977392496258
"7009800302" 0.655321634549488 0.00400827132763331 0.340269353937113 0.000400740185765485
"7009800401" 0.669823929179523 0.00162543390286565 0.328404095069156 0.000146541848455993
"7009800501" 0.691724039658498 0.000440852039289918 0.30780071577229 3.43925299221612e-05
"7009800502" 0.685217726148441 0.000664793548755101 0.314063168893289 5.43114095149064e-05
"7009800701" 0.621055428025711 0.0133950288651254 0.364044569883214 0.00150497322594966
"7009800702" 0.649258073930009 0.00363122932877503 0.346749957131914 0.000360739609301701
"7009800902" 0.688945235036239 0.000199577227081784 0.310841096702936 1.40910337431864e-05
"7009801101" 0.69860980102986 5.86535070066678e-05 0.301328039254498 3.50620863544105e-06
"7009801202" 0.707564836372798 3.42233181362543e-05 0.292399009024327 1.93128473874004e-06
"7009900101" 0.694208585887216 0.000365508964552483 0.305404246896884 2.16582513472628e-05
"7009900102" 0.721913055601556 7.84377068618149e-05 0.278004703503425 3.80318815690602e-06
"7009900201" 0.644076435749693 0.00362234682020558 0.352024647888549 0.000276569541553169
"7009900202" 0.644510981356823 0.0036061993804387 0.351607502914282 0.000275316348455784
"7009900301" 0.545468989884042 0.0589592522515617 0.390435253864961 0.00513650399943467
"7009900302" 0.460478812586197 0.167798407869915 0.357668116869793 0.0140546626740942
"7009900401" 0.65815077998872 0.000922417529686689 0.340870121240519 5.66812410746213e-05
"7009900402" 0.653821175084423 0.00112724516235819 0.344981159068381 7.04206848387792e-05
"7009900601" 0.627630708859863 0.00254244703251391 0.369667681922962 0.000159162184661887
"7009900602" 0.627595585079503 0.00248534252721273 0.369764355750072 0.000154716643212139
"7009900701" 0.405496594258962 0.246807066706185 0.335882890079213 0.0118134489556403
"7009900702" 0.405272553057146 0.247196559720823 0.335743038356048 0.0117878488659835
"7009901002" 0.423758561629494 0.21874734339913 0.348795662141007 0.00869843283036864
"7009901101" 0.421468149127826 0.223097415030299 0.346753438184148 0.00868099765772681
"7009901201" 0.429061911139847 0.21020869582251 0.352692301498526 0.00803709153911727
"7009901202" 0.428677427219693 0.210812808550114 0.352411384495152 0.00809837973504063
"7009901301" 0.444234297933286 0.185718157763779 0.363789456397376 0.00625808790555936
"7009901302" 0.44497919153937 0.184468118556274 0.364360992629812 0.006191697274544
"7009901501" 0.44147724328836 0.196999547328401 0.355480634223965 0.00604257515927387
"7009901502" 0.451245311770681 0.175493873687647 0.367583048016949 0.00567776652472219
"7100300101" 0.488541439015351 0.119527707906805 0.389124322522477 0.00280653055536679
"7100300201" 0.488890157684251 0.149961382363053 0.358536049696572 0.00261241025612431
"7100300301" 0.502067039411776 0.109617645757896 0.38644166127985 0.00187365355047752
"7100300302" 0.511146924668387 0.0888451771309944 0.398378030185541 0.00162986801507777
"7100300502" 0.523207157608535 0.0580479270433979 0.417777358023972 0.000967557324095353
"7100300602" 0.546887053667987 0.0154372074139991 0.43743866729061 0.000237071627403496
"7100300701" 0.547217307471878 0.0253338600499134 0.427191358871282 0.000257473606926583
"7100400101" 0.554083499654396 0.03338849392889 0.412233632317076 0.000294374099638841
"7100400201" 0.569508679941237 0.00901526329873073 0.421408538644833 6.75181151993099e-05
"7100400202" 0.569684728207507 0.00886748047370498 0.421381656427772 6.61348910155759e-05
"7100400401" 0.576157706441996 0.00508504945828327 0.418720203233886 3.70408658342868e-05
"7100400402" 0.575788020268984 0.00530618251162109 0.418867208740402 3.85884789934334e-05
"7100400501" 0.581370276129768 0.00277473467553225 0.415841598957189 1.33902375111359e-05
"7100400502" 0.581199418999715 0.00278949221636455 0.415997567933486 1.35208504347316e-05
"7100400601" 0.613055790229155 0.000170270868139868 0.386773265553948 6.73348756597691e-07
"7100400602" 0.607368069235633 0.000286451638558494 0.392344315703941 1.16342186755996e-06
"7100400902" 0.608020791858215 0.000333862032444884 0.391644359341495 9.86767845056058e-07
"7100401001" 0.618212867976691 0.000131956496587433 0.381654836806554 3.38720168310957e-07
"7100401002" 0.618835737092413 0.00012343198581013 0.381040513738011 3.17183765252121e-07
"7100401101" 0.645844943344888 1.20898231823455e-05 0.354142943706483 2.31254470401756e-08
"7100600101" 0.178020714609743 0.550477568129794 0.149569790218348 0.121931927042115
"7100600102" 0.177793992442488 0.550657019985644 0.149443012065246 0.122105975506622
"7100600201" 0.178790895575111 0.549895050391649 0.151857755487066 0.119456298546174
"7100600301" 0.224674740324202 0.501316559979499 0.165620124593777 0.108388575102521
"7100600501" 0.186602085634864 0.545316153894718 0.159137764325947 0.10894399614447
"7100600602" 0.178485605185525 0.540249666649601 0.185700062515091 0.0955646656497833
"7100600701" 0.230071952490988 0.494115604361949 0.174816535826832 0.100995907320232
"7100600802" 0.211487939455591 0.519089466166267 0.164934009714753 0.104488584663388
"7100600902" 0.192230140787412 0.54149918673237 0.161931504411578 0.104339168068641
"7100601001" 0.348583462098114 0.341781994135542 0.24368253760849 0.065952006157855
"7100601002" 0.421112826387652 0.249474575083639 0.282707971384701 0.0467046271440079
"7100601101" 0.26424199442848 0.456503168458188 0.190970384721682 0.0882844523916507
"7100601102" 0.265299203614038 0.455288530353557 0.191620353102025 0.0877919129303795
"7100601201" 0.36195384882438 0.324447942505945 0.251939503200755 0.0616587054689197
"7100601202" 0.372256402231583 0.310907647829645 0.257793481861547 0.0590424680772238
"7100601401" 0.298941931528215 0.402628803845635 0.22282801381021 0.0756012508159402
"7100601402" 0.244038435500846 0.477595708638915 0.189963575674349 0.0884022801858899
"7100601501" 0.550757616217549 0.0918815753784147 0.342526612161861 0.0148341962421757
"7100601502" 0.508511287017228 0.140537036587601 0.327238050956254 0.0237136254389167
"7100601602" 0.53733111051699 0.115884608194693 0.328105831695479 0.0186784495928373
"7100601701" 0.208801612406385 0.525730302619846 0.176050666196955 0.0894174187768138
"7100601702" 0.20833207486632 0.526296157690098 0.175866928866508 0.0895048385770737
"7100601801" 0.316023244947938 0.380121766763084 0.233655518007851 0.0701994702811268
"7100601901" 0.272434184634162 0.4352377987892 0.213283218728801 0.0790447978478369
"7100601902" 0.245401385906667 0.473728183849812 0.196312916651281 0.0845575135922395
"7100602101" 0.52377320966832 0.112295357390355 0.345729932174949 0.0182015007663761
"7100602201" 0.645401548114717 0.00739946736712751 0.346309537454219 0.000889447063936558
"7100602202" 0.645325604134697 0.00753182726523019 0.346236410378496 0.000906158221576192
"7100602302" 0.644227926914594 0.0102395510683481 0.344310217588091 0.00122230442896777
"7100602501" 0.47149907480882 0.174318885734633 0.325499679825639 0.0286823596309087
"7100602601" 0.633077032231146 0.0176245198154798 0.347151773757208 0.00214667419616624
"7100602602" 0.621736725652627 0.0252259445258585 0.349845807313328 0.00319152250818652
"7100602802" 0.415060817749104 0.242896526373353 0.302711689560961 0.039330966316582
"7100602901" 0.50233618151472 0.1210200742746 0.357742006513289 0.0189017376973907
"7100602902" 0.500339085872739 0.123758123530772 0.35649180550133 0.0194109850951591
"7100603002" 0.70399174689513 0.000375818941107604 0.295603564878864 2.88692848982016e-05
"7100603102" 0.576481579802503 0.0492373404475873 0.367321682724613 0.00695939702529669
"7100603201" 0.637747006256921 0.0134605037729868 0.347244029316156 0.00154846065393547
"7100603202" 0.656829361808113 0.00549726437787566 0.337097377720719 0.000575996093291939
"7100603301" 0.603788291956801 0.0195831209485317 0.374034848842053 0.00259373825261432
"7100603302" 0.612134860560784 0.0149275786970681 0.371013324751667 0.00192423599048122
"7100603402" 0.719798531704915 8.44720773031032e-05 0.280111344018248 5.65219953347789e-06
"7100603501" 0.658372747815962 0.00406169662889419 0.337145144665802 0.00042041088934235
"7100603502" 0.64434394479014 0.00826527245189339 0.346466950316893 0.000923832441073603
"7100603601" 0.662606292560828 0.00367289824816325 0.333354399081035 0.000366410109974183
"7100603602" 0.663071493154318 0.0035762385293565 0.332997532041958 0.000354736274366905
"7100603702" 0.654433281607179 0.00601269031165237 0.338926607897594 0.000627420183574629
"7100603802" 0.258631260479442 0.458140930880933 0.243746962576901 0.0394808460627239
"7100603901" 0.729171699007785 3.25594852728883e-05 0.270793762430448 1.97907649435337e-06
"7100603902" 0.751912878731119 7.72359255613797e-06 0.248079008048961 3.89627364026424e-07
"7100604001" 0.677849289442628 0.00063841595158339 0.321456352855622 5.5941750166956e-05
"7100604002" 0.66255575834364 0.00154563135758815 0.335748927920227 0.000149682378545516
"7100604102" 0.750903098660289 8.01212056599949e-06 0.24908848995445 3.99264694458864e-07
"7100604201" 0.336967872515317 0.340454881118394 0.2800982288236 0.0424790175426894
"7100604202" 0.33572154354093 0.342255920477746 0.27922035732089 0.0428021786604335
"7100604302" 0.564376405258798 0.0434178265030558 0.386632888976572 0.00557287926157416
"7100604401" 0.673237325101145 0.000485847351341345 0.326236291965555 4.05355819581148e-05
"7100604402" 0.652961709249054 0.00151004123799861 0.345386041379929 0.00014220813301892
"7100604501" 0.532650131303443 0.078478758533993 0.378808429282717 0.0100626808798479
"7100604502" 0.63693790943735 0.00393862475043909 0.358719124376879 0.000404341435331831
"7100604601" 0.476114370151208 0.141158191655883 0.364811479103051 0.0179159590898573
"7100604602" 0.475083547158121 0.142699370333551 0.364041170127771 0.0181759123805571
"7100604701" 0.697820685552713 0.000118317682552207 0.302052773311156 8.22345357855136e-06
"7100604702" 0.697578051110744 0.000118650298300423 0.302295049788808 8.24880214730267e-06
"7100604801" 0.298844975323925 0.399469969833275 0.262960821794538 0.0387242330482613
"7100604901" 0.57662350910569 0.0263262934019023 0.394085594712462 0.00296460277994514
"7100604902" 0.560559399922315 0.03952041001225 0.395370013729968 0.00455017633546766
"7100605001" 0.503495001082999 0.101036575349458 0.383826822469672 0.0116416010978718
"7100605002" 0.578278533217062 0.0243871335391489 0.394645899768193 0.00268843347559617
"7100605101" 0.341952925274607 0.33047927904967 0.295783327198607 0.0317844684771155
"7100605102" 0.340144753999105 0.333434046122527 0.294226890639162 0.0321943092392066
"7100605201" 0.309458679005023 0.385344923108205 0.271943684928995 0.0332527129577765
"7100605202" 0.307729151010986 0.388176167550128 0.270580117958787 0.0335145634800989
"7100605301" 0.298878321665069 0.406935602843825 0.264151771709578 0.030034303781528
"7100605302" 0.319802451604085 0.369273714681653 0.278902493497169 0.0320213402170922
"7100605401" 0.311506491579489 0.383060176430097 0.274495705797369 0.0309376261930458
"7100605402" 0.317726972719976 0.371920943288224 0.279169935716994 0.031182148274806
"7100605501" 0.383466624290211 0.265632181130842 0.32703283515121 0.023868359427737
"7100605502" 0.383816976464702 0.26510858475588 0.327345422417946 0.0237290163614723
"7100605601" 0.711362121778488 2.68692057457107e-05 0.28860954646594 1.46254982535312e-06
"7100605602" 0.711402737268628 2.60790615608834e-05 0.288569769052306 1.414617505019e-06
"7100605701" 0.690832396606615 8.85756948299348e-05 0.309073553739703 5.47395885220418e-06
"7100605702" 0.704388081727254 3.93237196119635e-05 0.295570367118399 2.22743473527327e-06
"7100605901" 0.593541189523659 0.00777774975353336 0.398033007864225 0.000648052858582115
"7100605902" 0.575870303313213 0.0159618523943034 0.406797395266046 0.00137044902643762
"7100606002" 0.521583501266545 0.0632763835331765 0.409947393957452 0.00519272124282638
"7100606101" 0.5581441857469 0.0272896404194734 0.412316553089559 0.00224962074406694
"7100606102" 0.558095278987713 0.0273168164528499 0.412334013511225 0.00225389104821223
"7100606202" 0.422830746638673 0.208076055448215 0.354482014277914 0.014611183635197
"7100606302" 0.492191200680566 0.104036760612337 0.396095668561902 0.0076763701451952
"7100606401" 0.534333858408455 0.0467764905766205 0.415700223897256 0.00318942711766885
"7100606601" 0.479459102267072 0.122891495740807 0.38957206276089 0.00807733923123089
"7100606602" 0.47986991788835 0.122472591858203 0.38963568797754 0.00802180227590696
"7100606801" 0.36306097864686 0.321279966199176 0.300333509701756 0.015325545452208
"7100606901" 0.561187452314472 0.022036044714765 0.415304637752523 0.00147186521824012
"7100606902" 0.58093083836885 0.00997432526659075 0.408437892951605 0.000656943412954484
"7100607101" 0.481646722738032 0.119863554448031 0.391977858734891 0.0065118640790457
"7100607102" 0.481865514345627 0.119342976330582 0.392275605107894 0.00651590421589718
"7100607202" 0.451066554518197 0.168874243378499 0.371410318652149 0.00864888345115396
"7100607301" 0.568078095526528 0.0180115767595944 0.41285108125911 0.00105924645476778
"7100607302" 0.568585213762268 0.0176487774965217 0.41273243656502 0.00103357217619115
"7100607402" 0.413659401152471 0.237969119550825 0.338806329673379 0.00956514962332515
"7100607501" 0.4556902301312 0.161686568515468 0.374999185498061 0.00762401585527178
"7100607502" 0.491991928311982 0.102734042632707 0.400076953132466 0.00519707592284546
"7100607601" 0.425799581853987 0.217306286460277 0.348499979958431 0.00839415172730408
"7100607602" 0.425339983107414 0.218176429096103 0.348042334881729 0.00844125291475429
"7100607701" 0.466350685637081 0.149205649182638 0.376914192517183 0.00752947266309788
"7100607702" 0.489695288208886 0.112830172032929 0.391531185293973 0.00594335446421113
"7100607802" 0.434120017181323 0.202298341777972 0.3542149746335 0.00936666640720597
"7100607901" 0.486015126672108 0.113650868386088 0.39469881378307 0.00563519115873447
"7100608001" 0.415761620949732 0.239221867654001 0.336530491761542 0.00848601963472603
"7100608101" 0.429228898081523 0.211643762011268 0.350991876878575 0.00813546302863341
"7100608102" 0.433589058282684 0.203264269137855 0.355121337879304 0.00802533470015747
"7100608201" 0.476449086430398 0.127636117188942 0.390163546405146 0.00575124997551455
"7100608202" 0.473081883331116 0.133430814088946 0.387533241542184 0.00595406103775363
"7100608302" 0.428911494813401 0.229770642698762 0.334634974454104 0.00668288803373322
"7100608401" 0.427350455155668 0.218555364643089 0.346495476030651 0.00759870417059244
"7100608402" 0.426245228486782 0.221534655238491 0.344659141886645 0.00756097438808264
"7100608601" 0.500409994052242 0.0917891184184989 0.403696827705785 0.00410405982347466
"7100608602" 0.509004848477416 0.0787355449860398 0.408679020401661 0.00358058613488358
"7100608701" 0.430404843324042 0.227409841542006 0.335612237650895 0.00657307748305709
"7100608702" 0.426023851071395 0.231469018807637 0.33543968722248 0.00706744289848791
"7100608801" 0.456718197547858 0.163892683090841 0.373993933444211 0.00539518591709024
"7100608902" 0.437743156426761 0.20732835203525 0.349218193719732 0.0057102978182567
"7100609101" 0.456881077292049 0.191173176784159 0.347320495084052 0.00462525083974017
"7100609102" 0.45645121558982 0.191858817107224 0.347039574796673 0.00465039250628348
"7100800301" 0.0364343510591545 0.47122922303951 0.0460250499509266 0.446311375950409
"7100800302" 0.036602781553443 0.471919256746101 0.0461514328600587 0.445326528840397
"7100800702" 0.0517328780869459 0.472764467030939 0.0662466449552637 0.409256009926851
"7100800801" 0.0514472946503409 0.488777246968037 0.0670304954436338 0.392744962937989
"7100800901" 0.0552652339807128 0.479366057808643 0.0687862976577331 0.396582410552911
"7100801001" 0.0451170517813573 0.497173421605744 0.0445407194324067 0.413168807180492
"7100801002" 0.0465244132902398 0.498711626667888 0.0471202779450871 0.407643682096785
"7100801201" 0.0565060933608232 0.501510567048689 0.0631795037639382 0.378803835826549
"7100801301" 0.0588457617379224 0.500576624062636 0.0629777696726438 0.377599844526798
"7100801302" 0.058400957709395 0.497981564316344 0.0645832691881887 0.379034208786073
"7100801702" 0.0590781963576072 0.502850849541245 0.0663481814667335 0.371722772634414
"7100801801" 0.0644241207699185 0.508322132665804 0.0698661295608259 0.357387617003452
"7100801802" 0.0647143987880538 0.508827018898234 0.0703478023698754 0.356110779943837
"7100801901" 0.0544605528230366 0.515872988021223 0.0555698390169721 0.374096620138768
"7100802001" 0.0577497484612626 0.523087961176109 0.0536394293586295 0.365522861003999
"7100802002" 0.0584423689257394 0.522461250897926 0.0549323095361843 0.364164070640151
"7100802201" 0.070580334245216 0.498994992885016 0.081342518419428 0.34908215445034
"7100802202" 0.0703211183941411 0.498379676293504 0.0809687934450948 0.35033041186726
"7100802501" 0.0711820064892181 0.524412031150321 0.0705424839312082 0.333863478429253
"7100802502" 0.0712655074998161 0.524824340302694 0.0705595418846264 0.333350610312863
"7100802601" 0.0755030706927991 0.518891877146206 0.0760629777521487 0.329542074408846
"7100802702" 0.078950345907305 0.51074823487202 0.0821887499108383 0.328112669309836
"7100802802" 0.0547509460970628 0.523924456872304 0.0516569933261209 0.369667603704512
"7100802901" 0.0636010081594009 0.532870959857546 0.0585185986036767 0.345009433379376
"7100802902" 0.0630741860388328 0.532817844527694 0.0577655156822529 0.346342453751221
"7100803002" 0.074393307291655 0.524938879824678 0.0738739693061634 0.326793843577503
"7100803101" 0.0758292194231096 0.524346488413461 0.0751513146897564 0.324672977473673
"7100803102" 0.0765271544588168 0.524358231200677 0.0761273956401426 0.322987218700363
"7100803601" 0.059858917888143 0.535075961392967 0.0577722383591266 0.347292882359764
"7100803602" 0.060009604692373 0.5352883677407 0.0580180969788561 0.346683930588071
"7100804201" 0.0763898896142621 0.548808151527397 0.0651938006540187 0.309608158204322
"7100804501" 0.080445807906983 0.549227748400135 0.0740034533466274 0.296322990346255
"7100804701" 0.0809288643629067 0.552579060935077 0.0724618313906091 0.294030243311408
"7100804702" 0.083016289258428 0.551448432713099 0.0751919162494821 0.290343361778991
"7100804801" 0.105528244754994 0.512583598743357 0.104834284824926 0.277053871676724
"7100804802" 0.106192543319628 0.512915131333655 0.105288985001465 0.275603340345253
"7100805001" 0.101687972954385 0.533970179361254 0.0978678212709817 0.266474026413379
"7100805101" 0.0703928520575782 0.550775515708558 0.0670656492449474 0.311765982988917
"7100805102" 0.0704651457166081 0.551072849589973 0.066928219055689 0.31153378563773
"7100805202" 0.0839587051026367 0.556201764027382 0.0759637242696264 0.283875806600355
"7100805402" 0.10712585966832 0.528903741366296 0.1055227116613 0.258447687304085
"7100805501" 0.0932176187583303 0.553189084177989 0.0861519635900406 0.26744133347364
"7100805502" 0.0881650581747998 0.558567928346334 0.0784327162497127 0.274834297229153
"7100805602" 0.113294665387148 0.5104496641069 0.111686165858789 0.264569504647162
"7100805701" 0.101211007785714 0.551175545246043 0.0881667458580581 0.259446701110185
"7100805702" 0.102817636623787 0.548915322668544 0.0903832113215254 0.257883829386144
"7100805902" 0.116857382938216 0.511577489931814 0.11603894542617 0.2555261817038
"7100806001" 0.0860965410764779 0.563432928962502 0.0781811487631514 0.272289381197869
